ret: 0.3486696879566362
mtx: [[1.24461232e+03 0.00000000e+00 5.96912232e+02]
 [0.00000000e+00 1.25196774e+03 7.75402584e+02]
 [0.00000000e+00 0.00000000e+00 1.00000000e+00]]
dist: [[ 0.28950125 -1.81345971 -0.00877125  0.00460012  3.66902124]]
rvecs: [array([[ 0.16837307],
       [-0.04636137],
       [-0.02355106]]), array([[ 0.26036829],
       [-0.03242923],
       [-0.01621818]]), array([[-0.1003403 ],
       [-0.15161124],
       [-0.01892263]]), array([[-0.02578265],
       [ 0.48911715],
       [ 3.07450301]]), array([[ 0.10136863],
       [-0.05015541],
       [-0.01614072]])]
tvecs: [array([[-3.84106339],
       [ 2.53160268],
       [20.06131524]]), array([[-3.41571563],
       [ 2.96161522],
       [19.44070167]]), array([[-0.02430308],
       [ 2.24358138],
       [19.89717582]]), array([[ 2.32895913],
       [ 1.56352857],
       [19.40703987]]), array([[-4.18066621],
       [ 1.12547633],
       [20.19942192]])]